 8
Cahita	0.0000	0.5319	0.4632	0.5000	0.4536	0.2766	0.2527	0.3548
Cora	0.5319	0.0000	0.3158	0.1778	0.4124	0.3298	0.5506	0.5326
Huichol	0.4632	0.3158	0.0000	0.2174	0.4124	0.2553	0.4889	0.5269
ProtoCoracholNahua	0.5000	0.1778	0.2174	0.0000	0.1304	0.2727	0.5217	0.5778
ProtoNahua	0.4536	0.4124	0.4124	0.1304	0.0000	0.1979	0.5217	0.4842
ProtoUtoAztecan	0.2766	0.3298	0.2553	0.2727	0.1979	0.0000	0.2809	0.2826
Tarahumaran	0.2527	0.5506	0.4889	0.5217	0.5217	0.2809	0.0000	0.3889
Tepiman	0.3548	0.5326	0.5269	0.5778	0.4842	0.2826	0.3889	0.0000
