 8
Cahita	0.0000	0.6596	0.6211	0.7174	0.5979	0.3085	0.2747	0.3871
Cora	0.6596	0.0000	0.3579	0.3556	0.5670	0.5106	0.7079	0.6304
Huichol	0.6211	0.3579	0.0000	0.4130	0.5670	0.4468	0.6444	0.6237
ProtoCoracholNahua	0.7174	0.3556	0.4130	0.0000	0.2391	0.4773	0.7391	0.7111
ProtoNahua	0.5979	0.5670	0.5670	0.2391	0.0000	0.3333	0.6413	0.6000
ProtoUtoAztecan	0.3085	0.5106	0.4468	0.4773	0.3333	0.0000	0.3258	0.3043
Tarahumaran	0.2747	0.7079	0.6444	0.7391	0.6413	0.3258	0.0000	0.4333
Tepiman	0.3871	0.6304	0.6237	0.7111	0.6000	0.3043	0.4333	0.0000
